1.0710 1.3146 0.2059 0.8012 -0.3859 -0.5460 -0.7395
1.0710 1.3146 0.2059 0.8012 -0.3859 -0.5460 -0.7395
1.0710 1.3146 0.2059 0.8012 -0.3859 -0.5460 -0.7395
1.0710 1.3146 0.2058 0.8012 -0.3858 -0.5460 -0.7395
1.0710 1.3146 0.2058 0.8012 -0.3858 -0.5459 -0.7394
1.0710 1.3146 0.2057 0.8012 -0.3857 -0.5459 -0.7394
1.0710 1.3146 0.2056 0.8012 -0.3857 -0.5458 -0.7394
1.0710 1.3147 0.2056 0.8012 -0.3856 -0.5458 -0.7393
1.0710 1.3147 0.2055 0.8012 -0.3855 -0.5457 -0.7393
1.0710 1.3147 0.2053 0.8013 -0.3854 -0.5456 -0.7392
1.0710 1.3147 0.2052 0.8013 -0.3853 -0.5455 -0.7391
1.0710 1.3147 0.2051 0.8013 -0.3851 -0.5454 -0.7391
1.0710 1.3148 0.2049 0.8013 -0.3850 -0.5453 -0.7390
1.0710 1.3148 0.2047 0.8013 -0.3848 -0.5452 -0.7389
1.0710 1.3148 0.2045 0.8013 -0.3846 -0.5451 -0.7388
1.0710 1.3148 0.2043 0.8013 -0.3845 -0.5450 -0.7387
1.0710 1.3149 0.2041 0.8014 -0.3843 -0.5448 -0.7386
1.0710 1.3149 0.2039 0.8014 -0.3841 -0.5447 -0.7385
1.0710 1.3150 0.2037 0.8014 -0.3838 -0.5445 -0.7383
1.0710 1.3150 0.2034 0.8014 -0.3836 -0.5443 -0.7382
1.0710 1.3150 0.2031 0.8015 -0.3833 -0.5442 -0.7381
1.0710 1.3151 0.2029 0.8015 -0.3831 -0.5440 -0.7379
1.0710 1.3151 0.2026 0.8015 -0.3828 -0.5438 -0.7378
1.0710 1.3152 0.2023 0.8015 -0.3825 -0.5436 -0.7376
1.0710 1.3152 0.2019 0.8016 -0.3822 -0.5434 -0.7374
1.0710 1.3153 0.2016 0.8016 -0.3819 -0.5431 -0.7372
1.0710 1.3153 0.2013 0.8016 -0.3816 -0.5429 -0.7371
1.0710 1.3154 0.2009 0.8017 -0.3813 -0.5427 -0.7369
1.0710 1.3155 0.2005 0.8017 -0.3809 -0.5424 -0.7367
1.0710 1.3155 0.2001 0.8017 -0.3806 -0.5422 -0.7365
1.0710 1.3156 0.1997 0.8018 -0.3802 -0.5419 -0.7363
1.0710 1.3156 0.1993 0.8018 -0.3798 -0.5416 -0.7360
1.0710 1.3157 0.1989 0.8018 -0.3794 -0.5413 -0.7358
1.0710 1.3158 0.1985 0.8019 -0.3790 -0.5410 -0.7356
1.0710 1.3159 0.1980 0.8019 -0.3786 -0.5407 -0.7354
1.0710 1.3159 0.1975 0.8020 -0.3782 -0.5404 -0.7351
1.0710 1.3160 0.1971 0.8020 -0.3777 -0.5401 -0.7349
1.0710 1.3161 0.1966 0.8021 -0.3773 -0.5398 -0.7346
1.0710 1.3162 0.1961 0.8021 -0.3768 -0.5394 -0.7343
1.0710 1.3162 0.1955 0.8022 -0.3763 -0.5391 -0.7341
1.0710 1.3163 0.1950 0.8022 -0.3758 -0.5387 -0.7338
1.0710 1.3164 0.1945 0.8023 -0.3753 -0.5384 -0.7335
1.0710 1.3165 0.1939 0.8023 -0.3748 -0.5380 -0.7332
1.0710 1.3166 0.1933 0.8024 -0.3743 -0.5376 -0.7329
1.0710 1.3167 0.1928 0.8024 -0.3737 -0.5372 -0.7326
1.0710 1.3168 0.1922 0.8025 -0.3732 -0.5368 -0.7323
1.0710 1.3169 0.1916 0.8025 -0.3726 -0.5364 -0.7320
1.0710 1.3170 0.1909 0.8026 -0.3721 -0.5360 -0.7317
1.0710 1.3171 0.1903 0.8026 -0.3715 -0.5356 -0.7313
1.0710 1.3172 0.1897 0.8027 -0.3709 -0.5352 -0.7310
1.0710 1.3173 0.1890 0.8028 -0.3703 -0.5347 -0.7306
1.0710 1.3174 0.1883 0.8028 -0.3696 -0.5343 -0.7303
1.0710 1.3175 0.1876 0.8029 -0.3690 -0.5338 -0.7299
1.0710 1.3176 0.1870 0.8030 -0.3684 -0.5334 -0.7296
1.0710 1.3177 0.1862 0.8030 -0.3677 -0.5329 -0.7292
1.0710 1.3178 0.1855 0.8031 -0.3670 -0.5324 -0.7288
1.0710 1.3179 0.1848 0.8032 -0.3664 -0.5319 -0.7284
1.0710 1.3181 0.1840 0.8032 -0.3657 -0.5314 -0.7280
1.0710 1.3182 0.1833 0.8033 -0.3650 -0.5309 -0.7276
1.0710 1.3183 0.1825 0.8034 -0.3643 -0.5304 -0.7272
1.0710 1.3184 0.1817 0.8034 -0.3635 -0.5299 -0.7268
1.0710 1.3186 0.1809 0.8035 -0.3628 -0.5294 -0.7264
1.0710 1.3187 0.1801 0.8036 -0.3621 -0.5288 -0.7260
1.0710 1.3188 0.1793 0.8037 -0.3613 -0.5283 -0.7256
1.0710 1.3189 0.1785 0.8037 -0.3605 -0.5277 -0.7251
1.0710 1.3191 0.1776 0.8038 -0.3598 -0.5272 -0.7247
1.0710 1.3192 0.1768 0.8039 -0.3590 -0.5266 -0.7242
1.0710 1.3193 0.1759 0.8040 -0.3582 -0.5260 -0.7238
1.0710 1.3195 0.1750 0.8041 -0.3573 -0.5254 -0.7233
1.0710 1.3196 0.1741 0.8041 -0.3565 -0.5248 -0.7228
1.0710 1.3198 0.1732 0.8042 -0.3557 -0.5242 -0.7224
1.0711 1.3199 0.1723 0.8043 -0.3548 -0.5236 -0.7219
1.0711 1.3201 0.1714 0.8044 -0.3540 -0.5230 -0.7214
1.0711 1.3202 0.1705 0.8045 -0.3531 -0.5224 -0.7209
1.0711 1.3204 0.1695 0.8046 -0.3522 -0.5217 -0.7204
1.0711 1.3205 0.1685 0.8047 -0.3513 -0.5211 -0.7199
1.0711 1.3207 0.1676 0.8048 -0.3504 -0.5204 -0.7194
1.0711 1.3208 0.1666 0.8048 -0.3495 -0.5198 -0.7189
1.0711 1.3210 0.1656 0.8049 -0.3486 -0.5191 -0.7184
1.0711 1.3211 0.1646 0.8050 -0.3477 -0.5184 -0.7178
1.0711 1.3213 0.1635 0.8051 -0.3467 -0.5177 -0.7173
1.0711 1.3215 0.1625 0.8052 -0.3457 -0.5171 -0.7167
1.0711 1.3216 0.1615 0.8053 -0.3448 -0.5164 -0.7162
1.0711 1.3218 0.1604 0.8054 -0.3438 -0.5157 -0.7156
1.0711 1.3220 0.1593 0.8055 -0.3428 -0.5149 -0.7151
1.0711 1.3221 0.1582 0.8056 -0.3418 -0.5142 -0.7145
1.0711 1.3223 0.1572 0.8057 -0.3408 -0.5135 -0.7139
1.0711 1.3225 0.1560 0.8058 -0.3398 -0.5127 -0.7134
1.0711 1.3227 0.1549 0.8059 -0.3387 -0.5120 -0.7128
1.0711 1.3229 0.1538 0.8060 -0.3377 -0.5113 -0.7122
1.0711 1.3230 0.1527 0.8061 -0.3366 -0.5105 -0.7116
1.0711 1.3232 0.1515 0.8062 -0.3356 -0.5097 -0.7110
1.0711 1.3234 0.1503 0.8064 -0.3345 -0.5089 -0.7104
1.0711 1.3236 0.1492 0.8065 -0.3334 -0.5082 -0.7098
1.0711 1.3238 0.1480 0.8066 -0.3323 -0.5074 -0.7091
1.0711 1.3240 0.1468 0.8067 -0.3312 -0.5066 -0.7085
1.0711 1.3242 0.1456 0.8068 -0.3301 -0.5058 -0.7079
1.0711 1.3243 0.1444 0.8069 -0.3290 -0.5050 -0.7072
1.0711 1.3245 0.1431 0.8070 -0.3278 -0.5041 -0.7066
1.0711 1.3247 0.1419 0.8071 -0.3267 -0.5033 -0.7059
1.0711 1.3249 0.1406 0.8073 -0.3255 -0.5025 -0.7053
1.0711 1.3251 0.1394 0.8074 -0.3244 -0.5016 -0.7046
1.0711 1.3253 0.1381 0.8075 -0.3232 -0.5008 -0.7040
1.0711 1.3255 0.1368 0.8076 -0.3220 -0.4999 -0.7033
1.0711 1.3257 0.1355 0.8077 -0.3208 -0.4991 -0.7026
1.0711 1.3260 0.1342 0.8078 -0.3196 -0.4982 -0.7019
1.0711 1.3262 0.1329 0.8080 -0.3184 -0.4973 -0.7012
1.0711 1.3264 0.1316 0.8081 -0.3171 -0.4964 -0.7005
1.0711 1.3266 0.1302 0.8082 -0.3159 -0.4955 -0.6998
1.0711 1.3268 0.1289 0.8083 -0.3146 -0.4946 -0.6991
1.0711 1.3270 0.1275 0.8085 -0.3134 -0.4937 -0.6984
1.0711 1.3272 0.1261 0.8086 -0.3121 -0.4928 -0.6977
1.0711 1.3275 0.1247 0.8087 -0.3108 -0.4919 -0.6969
1.0711 1.3277 0.1233 0.8089 -0.3095 -0.4909 -0.6962
1.0711 1.3279 0.1219 0.8090 -0.3082 -0.4900 -0.6955
1.0711 1.3281 0.1205 0.8091 -0.3069 -0.4891 -0.6947
1.0711 1.3283 0.1191 0.8092 -0.3056 -0.4881 -0.6940
1.0711 1.3286 0.1177 0.8094 -0.3043 -0.4871 -0.6932
1.0711 1.3288 0.1162 0.8095 -0.3029 -0.4862 -0.6925
1.0711 1.3290 0.1147 0.8097 -0.3016 -0.4852 -0.6917
1.0711 1.3293 0.1133 0.8098 -0.3002 -0.4842 -0.6909
1.0711 1.3295 0.1118 0.8099 -0.2988 -0.4832 -0.6902
1.0711 1.3297 0.1103 0.8101 -0.2974 -0.4822 -0.6894
1.0711 1.3300 0.1088 0.8102 -0.2961 -0.4812 -0.6886
1.0712 1.3302 0.1073 0.8103 -0.2947 -0.4802 -0.6878
1.0712 1.3305 0.1058 0.8105 -0.2932 -0.4792 -0.6870
1.0712 1.3307 0.1042 0.8106 -0.2918 -0.4782 -0.6862
1.0712 1.3309 0.1027 0.8108 -0.2904 -0.4772 -0.6854
1.0712 1.3312 0.1011 0.8109 -0.2890 -0.4761 -0.6846
1.0712 1.3314 0.0996 0.8111 -0.2875 -0.4751 -0.6837
1.0712 1.3317 0.0980 0.8112 -0.2860 -0.4740 -0.6829
1.0712 1.3319 0.0964 0.8114 -0.2846 -0.4730 -0.6821
1.0712 1.3322 0.0948 0.8115 -0.2831 -0.4719 -0.6812
1.0712 1.3324 0.0932 0.8117 -0.2816 -0.4708 -0.6804
1.0712 1.3327 0.0916 0.8118 -0.2801 -0.4697 -0.6796
1.0712 1.3330 0.0899 0.8120 -0.2786 -0.4687 -0.6787
1.0712 1.3332 0.0883 0.8121 -0.2771 -0.4676 -0.6778
1.0712 1.3335 0.0867 0.8123 -0.2756 -0.4665 -0.6770
1.0712 1.3337 0.0850 0.8124 -0.2740 -0.4654 -0.6761
1.0712 1.3340 0.0833 0.8126 -0.2725 -0.4642 -0.6752
1.0712 1.3343 0.0816 0.8127 -0.2709 -0.4631 -0.6744
1.0712 1.3345 0.0800 0.8129 -0.2694 -0.4620 -0.6735
1.0712 1.3348 0.0783 0.8130 -0.2678 -0.4609 -0.6726
1.0712 1.3351 0.0765 0.8132 -0.2662 -0.4597 -0.6717
1.0712 1.3354 0.0748 0.8134 -0.2646 -0.4586 -0.6708
1.0712 1.3356 0.0731 0.8135 -0.2630 -0.4574 -0.6699
1.0712 1.3359 0.0714 0.8137 -0.2614 -0.4563 -0.6690
1.0712 1.3362 0.0696 0.8138 -0.2598 -0.4551 -0.6680
1.0712 1.3365 0.0679 0.8140 -0.2582 -0.4539 -0.6671
1.0712 1.3367 0.0661 0.8142 -0.2565 -0.4527 -0.6662
1.0712 1.3370 0.0643 0.8143 -0.2549 -0.4516 -0.6653
1.0712 1.3373 0.0625 0.8145 -0.2532 -0.4504 -0.6643
1.0712 1.3376 0.0607 0.8147 -0.2516 -0.4492 -0.6634
1.0712 1.3379 0.0589 0.8148 -0.2499 -0.4480 -0.6624
1.0712 1.3382 0.0571 0.8150 -0.2482 -0.4468 -0.6615
1.0712 1.3385 0.0553 0.8152 -0.2465 -0.4455 -0.6605
1.0712 1.3387 0.0534 0.8153 -0.2448 -0.4443 -0.6596
1.0712 1.3390 0.0516 0.8155 -0.2431 -0.4431 -0.6586
1.0712 1.3393 0.0497 0.8157 -0.2414 -0.4418 -0.6576
1.0712 1.3396 0.0479 0.8159 -0.2397 -0.4406 -0.6566
1.0712 1.3399 0.0460 0.8160 -0.2380 -0.4393 -0.6557
1.0712 1.3402 0.0441 0.8162 -0.2362 -0.4381 -0.6547
1.0712 1.3405 0.0422 0.8164 -0.2345 -0.4368 -0.6537
1.0713 1.3408 0.0403 0.8166 -0.2327 -0.4356 -0.6527
1.0713 1.3411 0.0384 0.8167 -0.2309 -0.4343 -0.6517
1.0713 1.3414 0.0365 0.8169 -0.2292 -0.4330 -0.6507
1.0713 1.3417 0.0345 0.8171 -0.2274 -0.4317 -0.6497
1.0713 1.3420 0.0326 0.8173 -0.2256 -0.4304 -0.6486
1.0713 1.3424 0.0307 0.8174 -0.2238 -0.4291 -0.6476
1.0713 1.3427 0.0287 0.8176 -0.2220 -0.4278 -0.6466
1.0713 1.3430 0.0267 0.8178 -0.2201 -0.4265 -0.6456
1.0713 1.3433 0.0248 0.8180 -0.2183 -0.4252 -0.6445
1.0713 1.3436 0.0228 0.8182 -0.2165 -0.4239 -0.6435
1.0713 1.3439 0.0208 0.8184 -0.2146 -0.4225 -0.6424
1.0713 1.3442 0.0188 0.8186 -0.2128 -0.4212 -0.6414
1.0713 1.3446 0.0167 0.8187 -0.2109 -0.4198 -0.6403
1.0713 1.3449 0.0147 0.8189 -0.2090 -0.4185 -0.6393
1.0713 1.3452 0.0127 0.8191 -0.2071 -0.4171 -0.6382
1.0713 1.3455 0.0107 0.8193 -0.2053 -0.4158 -0.6371
1.0713 1.3458 0.0086 0.8195 -0.2034 -0.4144 -0.6361
1.0713 1.3462 0.0065 0.8197 -0.2015 -0.4130 -0.6350
1.0713 1.3465 0.0045 0.8199 -0.1995 -0.4117 -0.6339
1.0713 1.3468 0.0024 0.8201 -0.1976 -0.4103 -0.6328
1.0713 1.3472 0.0003 0.8203 -0.1957 -0.4089 -0.6317
1.0713 1.3475 -0.0018 0.8205 -0.1938 -0.4075 -0.6306
1.0713 1.3478 -0.0039 0.8207 -0.1918 -0.4061 -0.6295
1.0713 1.3482 -0.0060 0.8208 -0.1898 -0.4047 -0.6284
1.0713 1.3485 -0.0081 0.8210 -0.1879 -0.4033 -0.6273
1.0713 1.3488 -0.0103 0.8212 -0.1859 -0.4018 -0.6262
1.0713 1.3492 -0.0124 0.8214 -0.1839 -0.4004 -0.6250
1.0713 1.3495 -0.0145 0.8216 -0.1819 -0.3990 -0.6239
1.0713 1.3499 -0.0167 0.8218 -0.1800 -0.3975 -0.6228
1.0713 1.3502 -0.0189 0.8220 -0.1780 -0.3961 -0.6217
1.0713 1.3505 -0.0210 0.8222 -0.1759 -0.3946 -0.6205
1.0713 1.3509 -0.0232 0.8224 -0.1739 -0.3932 -0.6194
1.0714 1.3512 -0.0254 0.8226 -0.1719 -0.3917 -0.6182
1.0714 1.3516 -0.0276 0.8229 -0.1699 -0.3903 -0.6171
1.0714 1.3519 -0.0298 0.8231 -0.1678 -0.3888 -0.6159
1.0714 1.3523 -0.0320 0.8233 -0.1658 -0.3873 -0.6147
1.0714 1.3526 -0.0343 0.8235 -0.1637 -0.3858 -0.6136
1.0714 1.3530 -0.0365 0.8237 -0.1616 -0.3843 -0.6124
1.0714 1.3533 -0.0387 0.8239 -0.1596 -0.3828 -0.6112
1.0714 1.3537 -0.0410 0.8241 -0.1575 -0.3813 -0.6101
1.0714 1.3541 -0.0432 0.8243 -0.1554 -0.3798 -0.6089
1.0714 1.3544 -0.0455 0.8245 -0.1533 -0.3783 -0.6077
1.0714 1.3548 -0.0478 0.8247 -0.1512 -0.3768 -0.6065
1.0714 1.3551 -0.0501 0.8249 -0.1491 -0.3753 -0.6053
1.0714 1.3555 -0.0524 0.8251 -0.1470 -0.3737 -0.6041
1.0714 1.3559 -0.0547 0.8254 -0.1448 -0.3722 -0.6029
1.0714 1.3562 -0.0570 0.8256 -0.1427 -0.3707 -0.6017
1.0714 1.3566 -0.0593 0.8258 -0.1406 -0.3691 -0.6005
1.0714 1.3570 -0.0616 0.8260 -0.1384 -0.3676 -0.5992
1.0714 1.3573 -0.0639 0.8262 -0.1362 -0.3660 -0.5980
1.0714 1.3577 -0.0663 0.8264 -0.1341 -0.3645 -0.5968
1.0714 1.3581 -0.0686 0.8267 -0.1319 -0.3629 -0.5956
1.0714 1.3584 -0.0710 0.8269 -0.1297 -0.3613 -0.5943
1.0714 1.3588 -0.0733 0.8271 -0.1275 -0.3598 -0.5931
1.0714 1.3592 -0.0757 0.8273 -0.1253 -0.3582 -0.5918
1.0714 1.3596 -0.0781 0.8275 -0.1231 -0.3566 -0.5906
1.0714 1.3600 -0.0805 0.8278 -0.1209 -0.3550 -0.5893
1.0714 1.3603 -0.0829 0.8280 -0.1187 -0.3534 -0.5881
1.0714 1.3607 -0.0853 0.8282 -0.1165 -0.3518 -0.5868
1.0714 1.3611 -0.0877 0.8284 -0.1143 -0.3502 -0.5856
1.0715 1.3615 -0.0901 0.8286 -0.1120 -0.3486 -0.5843
1.0715 1.3619 -0.0925 0.8289 -0.1098 -0.3469 -0.5830
1.0715 1.3622 -0.0950 0.8291 -0.1075 -0.3453 -0.5817
1.0715 1.3626 -0.0974 0.8293 -0.1053 -0.3437 -0.5805
1.0715 1.3630 -0.0999 0.8296 -0.1030 -0.3421 -0.5792
1.0715 1.3634 -0.1023 0.8298 -0.1007 -0.3404 -0.5779
1.0715 1.3638 -0.1048 0.8300 -0.0984 -0.3388 -0.5766
1.0715 1.3642 -0.1073 0.8302 -0.0962 -0.3371 -0.5753
1.0715 1.3646 -0.1097 0.8305 -0.0939 -0.3355 -0.5740
1.0715 1.3650 -0.1122 0.8307 -0.0916 -0.3338 -0.5727
1.0715 1.3654 -0.1147 0.8309 -0.0893 -0.3321 -0.5714
1.0715 1.3658 -0.1172 0.8312 -0.0869 -0.3305 -0.5701
1.0715 1.3662 -0.1197 0.8314 -0.0846 -0.3288 -0.5688
1.0715 1.3666 -0.1223 0.8316 -0.0823 -0.3271 -0.5674
1.0715 1.3670 -0.1248 0.8319 -0.0800 -0.3254 -0.5661
1.0715 1.3674 -0.1273 0.8321 -0.0776 -0.3238 -0.5648
1.0715 1.3678 -0.1299 0.8323 -0.0753 -0.3221 -0.5635
1.0715 1.3682 -0.1324 0.8326 -0.0729 -0.3204 -0.5621
1.0715 1.3686 -0.1350 0.8328 -0.0705 -0.3187 -0.5608
1.0715 1.3690 -0.1375 0.8330 -0.0682 -0.3169 -0.5594
1.0715 1.3694 -0.1401 0.8333 -0.0658 -0.3152 -0.5581
1.0715 1.3698 -0.1427 0.8335 -0.0634 -0.3135 -0.5567
1.0715 1.3702 -0.1453 0.8338 -0.0610 -0.3118 -0.5554
1.0715 1.3706 -0.1478 0.8340 -0.0586 -0.3101 -0.5540
1.0715 1.3710 -0.1504 0.8342 -0.0562 -0.3083 -0.5527
1.0715 1.3714 -0.1530 0.8345 -0.0538 -0.3066 -0.5513
1.0716 1.3719 -0.1557 0.8347 -0.0514 -0.3049 -0.5499
1.0716 1.3723 -0.1583 0.8350 -0.0490 -0.3031 -0.5486
1.0716 1.3727 -0.1609 0.8352 -0.0465 -0.3014 -0.5472
1.0716 1.3731 -0.1635 0.8355 -0.0441 -0.2996 -0.5458
1.0716 1.3735 -0.1662 0.8357 -0.0417 -0.2978 -0.5444
1.0716 1.3739 -0.1688 0.8359 -0.0392 -0.2961 -0.5430
1.0716 1.3744 -0.1715 0.8362 -0.0368 -0.2943 -0.5416
1.0716 1.3748 -0.1741 0.8364 -0.0343 -0.2925 -0.5402
1.0716 1.3752 -0.1768 0.8367 -0.0318 -0.2908 -0.5389
1.0716 1.3756 -0.1795 0.8369 -0.0294 -0.2890 -0.5374
1.0716 1.3761 -0.1822 0.8372 -0.0269 -0.2872 -0.5360
1.0716 1.3765 -0.1848 0.8374 -0.0244 -0.2854 -0.5346
1.0716 1.3769 -0.1875 0.8377 -0.0219 -0.2836 -0.5332
1.0716 1.3773 -0.1902 0.8379 -0.0194 -0.2818 -0.5318
1.0716 1.3778 -0.1929 0.8382 -0.0169 -0.2800 -0.5304
1.0716 1.3782 -0.1957 0.8384 -0.0144 -0.2782 -0.5290
1.0716 1.3786 -0.1984 0.8387 -0.0119 -0.2764 -0.5275
1.0716 1.3791 -0.2011 0.8389 -0.0093 -0.2745 -0.5261
1.0716 1.3795 -0.2038 0.8392 -0.0068 -0.2727 -0.5247
1.0716 1.3799 -0.2066 0.8394 -0.0043 -0.2709 -0.5232
1.0716 1.3804 -0.2093 0.8397 -0.0017 -0.2691 -0.5218
1.0716 1.3808 -0.2121 0.8400 0.0008 -0.2672 -0.5204
1.0716 1.3812 -0.2148 0.8402 0.0034 -0.2654 -0.5189
1.0716 1.3817 -0.2176 0.8405 0.0059 -0.2635 -0.5175
1.0716 1.3821 -0.2204 0.8407 0.0085 -0.2617 -0.5160
1.0717 1.3825 -0.2232 0.8410 0.0111 -0.2598 -0.5145
1.0717 1.3830 -0.2259 0.8412 0.0136 -0.2580 -0.5131
1.0717 1.3834 -0.2287 0.8415 0.0162 -0.2561 -0.5116
1.0717 1.3839 -0.2315 0.8418 0.0188 -0.2543 -0.5102
1.0717 1.3843 -0.2343 0.8420 0.0214 -0.2524 -0.5087
1.0717 1.3848 -0.2371 0.8423 0.0240 -0.2505 -0.5072
1.0717 1.3852 -0.2400 0.8425 0.0266 -0.2486 -0.5057
1.0717 1.3857 -0.2428 0.8428 0.0292 -0.2467 -0.5043
1.0717 1.3861 -0.2456 0.8431 0.0318 -0.2449 -0.5028
1.0717 1.3865 -0.2484 0.8433 0.0344 -0.2430 -0.5013
1.0717 1.3870 -0.2513 0.8436 0.0371 -0.2411 -0.4998
1.0717 1.3874 -0.2541 0.8439 0.0397 -0.2392 -0.4983
1.0717 1.3879 -0.2570 0.8441 0.0424 -0.2373 -0.4968
1.0717 1.3884 -0.2598 0.8444 0.0450 -0.2354 -0.4953
1.0717 1.3888 -0.2627 0.8446 0.0476 -0.2335 -0.4938
1.0717 1.3893 -0.2656 0.8449 0.0503 -0.2315 -0.4923
1.0717 1.3897 -0.2684 0.8452 0.0530 -0.2296 -0.4908
1.0717 1.3902 -0.2713 0.8454 0.0556 -0.2277 -0.4893
1.0717 1.3906 -0.2742 0.8457 0.0583 -0.2258 -0.4878
1.0717 1.3911 -0.2771 0.8460 0.0610 -0.2238 -0.4863
1.0717 1.3915 -0.2800 0.8463 0.0637 -0.2219 -0.4847
1.0717 1.3920 -0.2829 0.8465 0.0663 -0.2200 -0.4832
1.0717 1.3925 -0.2858 0.8468 0.0690 -0.2180 -0.4817
1.0718 1.3929 -0.2887 0.8471 0.0717 -0.2161 -0.4802
1.0718 1.3934 -0.2917 0.8473 0.0744 -0.2141 -0.4786
1.0718 1.3939 -0.2946 0.8476 0.0772 -0.2122 -0.4771
1.0718 1.3943 -0.2975 0.8479 0.0799 -0.2102 -0.4755
1.0718 1.3948 -0.3005 0.8482 0.0826 -0.2083 -0.4740
1.0718 1.3953 -0.3034 0.8484 0.0853 -0.2063 -0.4725
1.0718 1.3957 -0.3064 0.8487 0.0880 -0.2043 -0.4709
1.0718 1.3962 -0.3093 0.8490 0.0908 -0.2024 -0.4694
1.0718 1.3967 -0.3123 0.8492 0.0935 -0.2004 -0.4678
1.0718 1.3971 -0.3153 0.8495 0.0963 -0.1984 -0.4663
1.0718 1.3976 -0.3182 0.8498 0.0990 -0.1964 -0.4647
1.0718 1.3981 -0.3212 0.8501 0.1018 -0.1944 -0.4631
1.0718 1.3985 -0.3242 0.8503 0.1045 -0.1925 -0.4616
1.0718 1.3990 -0.3272 0.8506 0.1073 -0.1905 -0.4600
1.0718 1.3995 -0.3302 0.8509 0.1101 -0.1885 -0.4584
1.0718 1.4000 -0.3332 0.8512 0.1128 -0.1865 -0.4569
1.0718 1.4004 -0.3362 0.8515 0.1156 -0.1845 -0.4553
1.0718 1.4009 -0.3392 0.8517 0.1184 -0.1824 -0.4537
1.0718 1.4014 -0.3422 0.8520 0.1212 -0.1804 -0.4521
1.0718 1.4019 -0.3452 0.8523 0.1240 -0.1784 -0.4505
1.0718 1.4024 -0.3482 0.8526 0.1268 -0.1764 -0.4490
1.0718 1.4028 -0.3513 0.8529 0.1296 -0.1744 -0.4474
1.0719 1.4033 -0.3543 0.8531 0.1324 -0.1724 -0.4458
1.0719 1.4038 -0.3573 0.8534 0.1352 -0.1703 -0.4442
1.0719 1.4043 -0.3604 0.8537 0.1380 -0.1683 -0.4426
1.0719 1.4048 -0.3634 0.8540 0.1408 -0.1663 -0.4410
1.0719 1.4052 -0.3665 0.8543 0.1437 -0.1642 -0.4394
1.0719 1.4057 -0.3696 0.8546 0.1465 -0.1622 -0.4378
1.0719 1.4062 -0.3726 0.8548 0.1493 -0.1601 -0.4362
1.0719 1.4067 -0.3757 0.8551 0.1522 -0.1581 -0.4346
1.0719 1.4072 -0.3788 0.8554 0.1550 -0.1560 -0.4330
1.0719 1.4077 -0.3818 0.8557 0.1579 -0.1540 -0.4313
1.0719 1.4082 -0.3849 0.8560 0.1607 -0.1519 -0.4297
1.0719 1.4087 -0.3880 0.8563 0.1636 -0.1499 -0.4281
1.0719 1.4091 -0.3911 0.8566 0.1665 -0.1478 -0.4265
1.0719 1.4096 -0.3942 0.8568 0.1693 -0.1457 -0.4249
1.0719 1.4101 -0.3973 0.8571 0.1722 -0.1437 -0.4232
1.0719 1.4106 -0.4004 0.8574 0.1751 -0.1416 -0.4216
1.0719 1.4111 -0.4035 0.8577 0.1779 -0.1395 -0.4200
1.0719 1.4116 -0.4067 0.8580 0.1808 -0.1374 -0.4183
1.0719 1.4121 -0.4098 0.8583 0.1837 -0.1354 -0.4167
1.0719 1.4126 -0.4129 0.8586 0.1866 -0.1333 -0.4151
1.0719 1.4131 -0.4160 0.8589 0.1895 -0.1312 -0.4134
1.0720 1.4136 -0.4192 0.8592 0.1924 -0.1291 -0.4118
1.0720 1.4141 -0.4223 0.8594 0.1953 -0.1270 -0.4101
1.0720 1.4146 -0.4255 0.8597 0.1982 -0.1249 -0.4085
1.0720 1.4151 -0.4286 0.8600 0.2011 -0.1228 -0.4068
1.0720 1.4156 -0.4318 0.8603 0.2041 -0.1207 -0.4052
1.0720 1.4161 -0.4349 0.8606 0.2070 -0.1186 -0.4035
1.0720 1.4166 -0.4381 0.8609 0.2099 -0.1165 -0.4019
1.0720 1.4171 -0.4413 0.8612 0.2128 -0.1144 -0.4002
1.0720 1.4176 -0.4444 0.8615 0.2158 -0.1123 -0.3985
1.0720 1.4181 -0.4476 0.8618 0.2187 -0.1101 -0.3969
1.0720 1.4186 -0.4508 0.8621 0.2216 -0.1080 -0.3952
1.0720 1.4191 -0.4540 0.8624 0.2246 -0.1059 -0.3935
1.0720 1.4196 -0.4571 0.8627 0.2275 -0.1038 -0.3919
1.0720 1.4201 -0.4603 0.8630 0.2305 -0.1016 -0.3902
1.0720 1.4206 -0.4635 0.8633 0.2335 -0.0995 -0.3885
1.0720 1.4211 -0.4667 0.8636 0.2364 -0.0974 -0.3868
1.0720 1.4216 -0.4699 0.8639 0.2394 -0.0952 -0.3852
1.0720 1.4221 -0.4731 0.8642 0.2423 -0.0931 -0.3835
1.0720 1.4226 -0.4764 0.8645 0.2453 -0.0910 -0.3818
1.0720 1.4232 -0.4796 0.8648 0.2483 -0.0888 -0.3801
1.0720 1.4237 -0.4828 0.8651 0.2513 -0.0867 -0.3784
1.0721 1.4242 -0.4860 0.8654 0.2543 -0.0845 -0.3767
1.0721 1.4247 -0.4892 0.8657 0.2572 -0.0824 -0.3750
1.0721 1.4252 -0.4925 0.8660 0.2602 -0.0802 -0.3733
1.0721 1.4257 -0.4957 0.8663 0.2632 -0.0780 -0.3716
1.0721 1.4262 -0.4990 0.8666 0.2662 -0.0759 -0.3699
1.0721 1.4267 -0.5022 0.8669 0.2692 -0.0737 -0.3682
1.0721 1.4272 -0.5054 0.8672 0.2722 -0.0716 -0.3665
1.0721 1.4278 -0.5087 0.8675 0.2752 -0.0694 -0.3648
1.0721 1.4283 -0.5119 0.8678 0.2782 -0.0672 -0.3631
1.0721 1.4288 -0.5152 0.8681 0.2813 -0.0650 -0.3614
1.0721 1.4293 -0.5185 0.8684 0.2843 -0.0629 -0.3597
1.0721 1.4298 -0.5217 0.8687 0.2873 -0.0607 -0.3580
1.0721 1.4303 -0.5250 0.8690 0.2903 -0.0585 -0.3563
1.0721 1.4309 -0.5283 0.8693 0.2933 -0.0563 -0.3546
1.0721 1.4314 -0.5315 0.8696 0.2964 -0.0541 -0.3529
1.0721 1.4319 -0.5348 0.8699 0.2994 -0.0520 -0.3511
1.0721 1.4324 -0.5381 0.8702 0.3025 -0.0498 -0.3494
1.0721 1.4329 -0.5414 0.8705 0.3055 -0.0476 -0.3477
1.0721 1.4335 -0.5447 0.8708 0.3085 -0.0454 -0.3460
1.0721 1.4340 -0.5480 0.8711 0.3116 -0.0432 -0.3442
1.0722 1.4345 -0.5513 0.8714 0.3146 -0.0410 -0.3425
1.0722 1.4350 -0.5546 0.8717 0.3177 -0.0388 -0.3408
1.0722 1.4356 -0.5579 0.8720 0.3207 -0.0366 -0.3390
1.0722 1.4361 -0.5612 0.8723 0.3238 -0.0344 -0.3373
1.0722 1.4366 -0.5645 0.8726 0.3269 -0.0322 -0.3356
1.0722 1.4371 -0.5678 0.8729 0.3299 -0.0300 -0.3338
1.0722 1.4376 -0.5711 0.8732 0.3330 -0.0278 -0.3321
1.0722 1.4382 -0.5744 0.8736 0.3361 -0.0255 -0.3304
1.0722 1.4387 -0.5778 0.8739 0.3391 -0.0233 -0.3286
1.0722 1.4392 -0.5811 0.8742 0.3422 -0.0211 -0.3269
1.0722 1.4398 -0.5844 0.8745 0.3453 -0.0189 -0.3251
1.0722 1.4403 -0.5878 0.8748 0.3484 -0.0167 -0.3234
1.0722 1.4408 -0.5911 0.8751 0.3515 -0.0144 -0.3216
1.0722 1.4413 -0.5944 0.8754 0.3545 -0.0122 -0.3199
1.0722 1.4419 -0.5978 0.8757 0.3576 -0.0100 -0.3181
1.0722 1.4424 -0.6011 0.8760 0.3607 -0.0078 -0.3164
1.0722 1.4429 -0.6045 0.8763 0.3638 -0.0055 -0.3146
1.0722 1.4435 -0.6078 0.8766 0.3669 -0.0033 -0.3129
1.0722 1.4440 -0.6112 0.8770 0.3700 -0.0011 -0.3111
1.0722 1.4445 -0.6145 0.8773 0.3731 0.0012 -0.3094
1.0723 1.4451 -0.6179 0.8776 0.3762 0.0034 -0.3076
1.0723 1.4456 -0.6212 0.8779 0.3793 0.0057 -0.3058
1.0723 1.4461 -0.6246 0.8782 0.3825 0.0079 -0.3041
1.0723 1.4466 -0.6280 0.8785 0.3856 0.0102 -0.3023
1.0723 1.4472 -0.6313 0.8788 0.3887 0.0124 -0.3005
1.0723 1.4477 -0.6347 0.8791 0.3918 0.0146 -0.2988
1.0723 1.4483 -0.6381 0.8795 0.3949 0.0169 -0.2970
1.0723 1.4488 -0.6414 0.8798 0.3981 0.0192 -0.2952
1.0723 1.4493 -0.6448 0.8801 0.4012 0.0214 -0.2935
1.0723 1.4499 -0.6482 0.8804 0.4043 0.0237 -0.2917
1.0723 1.4504 -0.6516 0.8807 0.4074 0.0259 -0.2899
1.0723 1.4509 -0.6550 0.8810 0.4106 0.0282 -0.2881
1.0723 1.4515 -0.6584 0.8813 0.4137 0.0304 -0.2864
1.0723 1.4520 -0.6618 0.8816 0.4168 0.0327 -0.2846
1.0723 1.4525 -0.6652 0.8820 0.4200 0.0350 -0.2828
1.0723 1.4531 -0.6685 0.8823 0.4231 0.0372 -0.2810
1.0723 1.4536 -0.6719 0.8826 0.4263 0.0395 -0.2792
1.0723 1.4542 -0.6753 0.8829 0.4294 0.0418 -0.2775
1.0723 1.4547 -0.6787 0.8832 0.4326 0.0440 -0.2757
1.0724 1.4552 -0.6822 0.8835 0.4357 0.0463 -0.2739
1.0724 1.4558 -0.6856 0.8839 0.4389 0.0486 -0.2721
1.0724 1.4563 -0.6890 0.8842 0.4420 0.0508 -0.2703
1.0724 1.4569 -0.6924 0.8845 0.4452 0.0531 -0.2685
1.0724 1.4574 -0.6958 0.8848 0.4483 0.0554 -0.2667
1.0724 1.4579 -0.6992 0.8851 0.4515 0.0577 -0.2649
1.0724 1.4585 -0.7026 0.8854 0.4547 0.0600 -0.2632
1.0724 1.4590 -0.7061 0.8858 0.4578 0.0622 -0.2614
1.0724 1.4596 -0.7095 0.8861 0.4610 0.0645 -0.2596
1.0724 1.4601 -0.7129 0.8864 0.4642 0.0668 -0.2578
1.0724 1.4606 -0.7163 0.8867 0.4673 0.0691 -0.2560
1.0724 1.4612 -0.7198 0.8870 0.4705 0.0714 -0.2542
1.0724 1.4617 -0.7232 0.8873 0.4737 0.0737 -0.2524
1.0724 1.4623 -0.7266 0.8877 0.4769 0.0760 -0.2506
1.0724 1.4628 -0.7301 0.8880 0.4800 0.0782 -0.2488
1.0724 1.4634 -0.7335 0.8883 0.4832 0.0805 -0.2470
1.0724 1.4639 -0.7369 0.8886 0.4864 0.0828 -0.2452
1.0724 1.4645 -0.7404 0.8889 0.4896 0.0851 -0.2434
1.0724 1.4650 -0.7438 0.8893 0.4928 0.0874 -0.2416
1.0725 1.4655 -0.7473 0.8896 0.4959 0.0897 -0.2398
1.0725 1.4661 -0.7507 0.8899 0.4991 0.0920 -0.2380
1.0725 1.4666 -0.7541 0.8902 0.5023 0.0943 -0.2361
1.0725 1.4672 -0.7576 0.8905 0.5055 0.0966 -0.2343
1.0725 1.4677 -0.7610 0.8909 0.5087 0.0989 -0.2325
1.0725 1.4683 -0.7645 0.8912 0.5119 0.1012 -0.2307
1.0725 1.4688 -0.7679 0.8915 0.5151 0.1035 -0.2289
1.0725 1.4694 -0.7714 0.8918 0.5183 0.1058 -0.2271
1.0725 1.4699 -0.7749 0.8921 0.5215 0.1081 -0.2253
1.0725 1.4705 -0.7783 0.8925 0.5247 0.1104 -0.2235
1.0725 1.4710 -0.7818 0.8928 0.5279 0.1127 -0.2217
1.0725 1.4716 -0.7852 0.8931 0.5311 0.1151 -0.2198
1.0725 1.4721 -0.7887 0.8934 0.5343 0.1174 -0.2180
1.0725 1.4727 -0.7922 0.8937 0.5375 0.1197 -0.2162
1.0725 1.4732 -0.7956 0.8941 0.5407 0.1220 -0.2144
1.0725 1.4738 -0.7991 0.8944 0.5439 0.1243 -0.2126
1.0725 1.4743 -0.8026 0.8947 0.5471 0.1266 -0.2108
1.0725 1.4748 -0.8060 0.8950 0.5503 0.1289 -0.2089
1.0725 1.4754 -0.8095 0.8953 0.5535 0.1312 -0.2071
1.0726 1.4759 -0.8130 0.8957 0.5567 0.1335 -0.2053
1.0726 1.4765 -0.8164 0.8960 0.5600 0.1359 -0.2035
1.0726 1.4770 -0.8199 0.8963 0.5632 0.1382 -0.2017
1.0726 1.4776 -0.8234 0.8966 0.5664 0.1405 -0.1998
1.0726 1.4781 -0.8269 0.8970 0.5696 0.1428 -0.1980
1.0726 1.4787 -0.8303 0.8973 0.5728 0.1451 -0.1962
1.0726 1.4792 -0.8338 0.8976 0.5760 0.1475 -0.1944
1.0726 1.4798 -0.8373 0.8979 0.5792 0.1498 -0.1926
1.0726 1.4804 -0.8408 0.8982 0.5825 0.1521 -0.1907
1.0726 1.4809 -0.8442 0.8986 0.5857 0.1544 -0.1889
1.0726 1.4815 -0.8477 0.8989 0.5889 0.1567 -0.1871
1.0726 1.4820 -0.8512 0.8992 0.5921 0.1591 -0.1853
1.0726 1.4826 -0.8547 0.8995 0.5954 0.1614 -0.1834
1.0726 1.4831 -0.8582 0.8999 0.5986 0.1637 -0.1816
1.0726 1.4837 -0.8617 0.9002 0.6018 0.1660 -0.1798
1.0726 1.4842 -0.8652 0.9005 0.6050 0.1684 -0.1779
1.0726 1.4848 -0.8686 0.9008 0.6082 0.1707 -0.1761
1.0726 1.4853 -0.8721 0.9012 0.6115 0.1730 -0.1743
1.0726 1.4859 -0.8756 0.9015 0.6147 0.1753 -0.1725
1.0727 1.4864 -0.8791 0.9018 0.6179 0.1777 -0.1706
1.0727 1.4870 -0.8826 0.9021 0.6212 0.1800 -0.1688
1.0727 1.4875 -0.8861 0.9024 0.6244 0.1823 -0.1670
1.0727 1.4881 -0.8896 0.9028 0.6276 0.1846 -0.1651
1.0727 1.4886 -0.8931 0.9031 0.6308 0.1870 -0.1633
1.0727 1.4892 -0.8966 0.9034 0.6341 0.1893 -0.1615
1.0727 1.4897 -0.9000 0.9037 0.6373 0.1916 -0.1597
1.0727 1.4903 -0.9035 0.9041 0.6405 0.1940 -0.1578
1.0727 1.4908 -0.9070 0.9044 0.6438 0.1963 -0.1560
1.0727 1.4914 -0.9105 0.9047 0.6470 0.1986 -0.1542
1.0727 1.4919 -0.9140 0.9050 0.6502 0.2009 -0.1523
1.0727 1.4925 -0.9175 0.9054 0.6535 0.2033 -0.1505
1.0727 1.4931 -0.9210 0.9057 0.6567 0.2056 -0.1487
1.0727 1.4936 -0.9245 0.9060 0.6599 0.2079 -0.1468
1.0727 1.4942 -0.9280 0.9063 0.6632 0.2103 -0.1450
1.0727 1.4947 -0.9315 0.9067 0.6664 0.2126 -0.1432
1.0727 1.4953 -0.9350 0.9070 0.6696 0.2149 -0.1413
1.0727 1.4958 -0.9385 0.9073 0.6729 0.2173 -0.1395
1.0727 1.4964 -0.9420 0.9076 0.6761 0.2196 -0.1377
1.0728 1.4969 -0.9455 0.9080 0.6793 0.2219 -0.1358
1.0728 1.4975 -0.9490 0.9083 0.6826 0.2243 -0.1340
1.0728 1.4980 -0.9525 0.9086 0.6858 0.2266 -0.1322
1.0728 1.4986 -0.9560 0.9089 0.6890 0.2289 -0.1303
1.0728 1.4991 -0.9595 0.9093 0.6923 0.2313 -0.1285
1.0728 1.4997 -0.9629 0.9096 0.6955 0.2336 -0.1267
1.0728 1.5003 -0.9664 0.9099 0.6987 0.2359 -0.1248
1.0728 1.5008 -0.9699 0.9102 0.7020 0.2382 -0.1230
1.0728 1.5014 -0.9734 0.9105 0.7052 0.2406 -0.1212
1.0728 1.5019 -0.9769 0.9109 0.7084 0.2429 -0.1193
1.0728 1.5025 -0.9804 0.9112 0.7117 0.2452 -0.1175
1.0728 1.5030 -0.9839 0.9115 0.7149 0.2476 -0.1157
1.0728 1.5036 -0.9874 0.9118 0.7181 0.2499 -0.1138
1.0728 1.5041 -0.9909 0.9122 0.7214 0.2522 -0.1120
1.0728 1.5047 -0.9944 0.9125 0.7246 0.2546 -0.1102
1.0728 1.5052 -0.9979 0.9128 0.7278 0.2569 -0.1083
1.0728 1.5058 -1.0014 0.9131 0.7311 0.2592 -0.1065
1.0728 1.5063 -1.0049 0.9135 0.7343 0.2616 -0.1047
1.0728 1.5069 -1.0084 0.9138 0.7375 0.2639 -0.1028
1.0729 1.5074 -1.0119 0.9141 0.7408 0.2662 -0.1010
1.0729 1.5080 -1.0154 0.9144 0.7440 0.2685 -0.0992
1.0729 1.5086 -1.0189 0.9148 0.7472 0.2709 -0.0974
1.0729 1.5091 -1.0224 0.9151 0.7505 0.2732 -0.0955
1.0729 1.5097 -1.0258 0.9154 0.7537 0.2755 -0.0937
1.0729 1.5102 -1.0293 0.9157 0.7569 0.2779 -0.0919
1.0729 1.5108 -1.0328 0.9161 0.7602 0.2802 -0.0900
1.0729 1.5113 -1.0363 0.9164 0.7634 0.2825 -0.0882
1.0729 1.5119 -1.0398 0.9167 0.7666 0.2848 -0.0864
1.0729 1.5124 -1.0433 0.9170 0.7698 0.2872 -0.0845
1.0729 1.5130 -1.0468 0.9173 0.7731 0.2895 -0.0827
1.0729 1.5135 -1.0503 0.9177 0.7763 0.2918 -0.0809
1.0729 1.5141 -1.0538 0.9180 0.7795 0.2941 -0.0791
1.0729 1.5146 -1.0572 0.9183 0.7827 0.2965 -0.0772
1.0729 1.5152 -1.0607 0.9186 0.7860 0.2988 -0.0754
1.0729 1.5157 -1.0642 0.9190 0.7892 0.3011 -0.0736
1.0729 1.5163 -1.0677 0.9193 0.7924 0.3034 -0.0718
1.0729 1.5168 -1.0712 0.9196 0.7956 0.3058 -0.0699
1.0730 1.5174 -1.0747 0.9199 0.7989 0.3081 -0.0681
1.0730 1.5179 -1.0781 0.9203 0.8021 0.3104 -0.0663
1.0730 1.5185 -1.0816 0.9206 0.8053 0.3127 -0.0645
1.0730 1.5190 -1.0851 0.9209 0.8085 0.3150 -0.0626
1.0730 1.5196 -1.0886 0.9212 0.8117 0.3174 -0.0608
1.0730 1.5201 -1.0920 0.9215 0.8149 0.3197 -0.0590
1.0730 1.5207 -1.0955 0.9219 0.8182 0.3220 -0.0572
1.0730 1.5212 -1.0990 0.9222 0.8214 0.3243 -0.0553
1.0730 1.5218 -1.1025 0.9225 0.8246 0.3266 -0.0535
1.0730 1.5223 -1.1059 0.9228 0.8278 0.3290 -0.0517
1.0730 1.5229 -1.1094 0.9232 0.8310 0.3313 -0.0499
1.0730 1.5234 -1.1129 0.9235 0.8342 0.3336 -0.0481
1.0730 1.5240 -1.1163 0.9238 0.8374 0.3359 -0.0462
1.0730 1.5245 -1.1198 0.9241 0.8406 0.3382 -0.0444
1.0730 1.5251 -1.1233 0.9244 0.8438 0.3405 -0.0426
1.0730 1.5256 -1.1267 0.9248 0.8470 0.3428 -0.0408
1.0730 1.5262 -1.1302 0.9251 0.8503 0.3451 -0.0390
1.0730 1.5267 -1.1337 0.9254 0.8535 0.3475 -0.0372
1.0730 1.5273 -1.1371 0.9257 0.8567 0.3498 -0.0353
1.0731 1.5278 -1.1406 0.9260 0.8599 0.3521 -0.0335
1.0731 1.5284 -1.1440 0.9264 0.8631 0.3544 -0.0317
1.0731 1.5289 -1.1475 0.9267 0.8663 0.3567 -0.0299
1.0731 1.5295 -1.1510 0.9270 0.8695 0.3590 -0.0281
1.0731 1.5300 -1.1544 0.9273 0.8726 0.3613 -0.0263
1.0731 1.5306 -1.1579 0.9276 0.8758 0.3636 -0.0245
1.0731 1.5311 -1.1613 0.9280 0.8790 0.3659 -0.0227
1.0731 1.5317 -1.1648 0.9283 0.8822 0.3682 -0.0209
1.0731 1.5322 -1.1682 0.9286 0.8854 0.3705 -0.0190
1.0731 1.5327 -1.1717 0.9289 0.8886 0.3728 -0.0172
1.0731 1.5333 -1.1751 0.9292 0.8918 0.3751 -0.0154
1.0731 1.5338 -1.1785 0.9296 0.8950 0.3774 -0.0136
1.0731 1.5344 -1.1820 0.9299 0.8981 0.3797 -0.0118
1.0731 1.5349 -1.1854 0.9302 0.9013 0.3820 -0.0100
1.0731 1.5355 -1.1889 0.9305 0.9045 0.3843 -0.0082
1.0731 1.5360 -1.1923 0.9308 0.9077 0.3865 -0.0064
1.0731 1.5366 -1.1957 0.9312 0.9109 0.3888 -0.0046
1.0731 1.5371 -1.1991 0.9315 0.9140 0.3911 -0.0028
1.0731 1.5376 -1.2026 0.9318 0.9172 0.3934 -0.0010
1.0732 1.5382 -1.2060 0.9321 0.9204 0.3957 0.0008
1.0732 1.5387 -1.2094 0.9324 0.9235 0.3980 0.0026
1.0732 1.5393 -1.2129 0.9327 0.9267 0.4003 0.0044
1.0732 1.5398 -1.2163 0.9331 0.9299 0.4025 0.0061
1.0732 1.5404 -1.2197 0.9334 0.9330 0.4048 0.0079
1.0732 1.5409 -1.2231 0.9337 0.9362 0.4071 0.0097
1.0732 1.5414 -1.2265 0.9340 0.9394 0.4094 0.0115
1.0732 1.5420 -1.2299 0.9343 0.9425 0.4117 0.0133
1.0732 1.5425 -1.2333 0.9346 0.9457 0.4139 0.0151
1.0732 1.5431 -1.2368 0.9350 0.9488 0.4162 0.0169
1.0732 1.5436 -1.2402 0.9353 0.9520 0.4185 0.0187
1.0732 1.5441 -1.2436 0.9356 0.9551 0.4207 0.0205
1.0732 1.5447 -1.2470 0.9359 0.9583 0.4230 0.0222
1.0732 1.5452 -1.2504 0.9362 0.9614 0.4253 0.0240
1.0732 1.5458 -1.2538 0.9365 0.9646 0.4275 0.0258
1.0732 1.5463 -1.2571 0.9369 0.9677 0.4298 0.0276
1.0732 1.5468 -1.2605 0.9372 0.9708 0.4321 0.0294
1.0732 1.5474 -1.2639 0.9375 0.9740 0.4343 0.0311
1.0732 1.5479 -1.2673 0.9378 0.9771 0.4366 0.0329
1.0732 1.5484 -1.2707 0.9381 0.9802 0.4388 0.0347
1.0733 1.5490 -1.2741 0.9384 0.9834 0.4411 0.0365
1.0733 1.5495 -1.2775 0.9387 0.9865 0.4434 0.0382
1.0733 1.5500 -1.2808 0.9391 0.9896 0.4456 0.0400
1.0733 1.5506 -1.2842 0.9394 0.9927 0.4479 0.0418
1.0733 1.5511 -1.2876 0.9397 0.9959 0.4501 0.0435
1.0733 1.5516 -1.2909 0.9400 0.9990 0.4523 0.0453
1.0733 1.5522 -1.2943 0.9403 1.0021 0.4546 0.0471
1.0733 1.5527 -1.2977 0.9406 1.0052 0.4568 0.0488
1.0733 1.5532 -1.3010 0.9409 1.0083 0.4591 0.0506
1.0733 1.5538 -1.3044 0.9412 1.0114 0.4613 0.0524
1.0733 1.5543 -1.3078 0.9415 1.0145 0.4636 0.0541
1.0733 1.5548 -1.3111 0.9419 1.0176 0.4658 0.0559
1.0733 1.5554 -1.3145 0.9422 1.0207 0.4680 0.0576
1.0733 1.5559 -1.3178 0.9425 1.0238 0.4703 0.0594
1.0733 1.5564 -1.3211 0.9428 1.0269 0.4725 0.0611
1.0733 1.5570 -1.3245 0.9431 1.0300 0.4747 0.0629
1.0733 1.5575 -1.3278 0.9434 1.0331 0.4769 0.0646
1.0733 1.5580 -1.3312 0.9437 1.0362 0.4792 0.0664
1.0733 1.5585 -1.3345 0.9440 1.0392 0.4814 0.0681
1.0734 1.5591 -1.3378 0.9443 1.0423 0.4836 0.0699
1.0734 1.5596 -1.3411 0.9446 1.0454 0.4858 0.0716
1.0734 1.5601 -1.3445 0.9450 1.0485 0.4880 0.0734
1.0734 1.5606 -1.3478 0.9453 1.0515 0.4903 0.0751
1.0734 1.5612 -1.3511 0.9456 1.0546 0.4925 0.0768
1.0734 1.5617 -1.3544 0.9459 1.0577 0.4947 0.0786
1.0734 1.5622 -1.3577 0.9462 1.0607 0.4969 0.0803
1.0734 1.5627 -1.3610 0.9465 1.0638 0.4991 0.0820
1.0734 1.5633 -1.3643 0.9468 1.0669 0.5013 0.0838
1.0734 1.5638 -1.3676 0.9471 1.0699 0.5035 0.0855
1.0734 1.5643 -1.3709 0.9474 1.0730 0.5057 0.0872
1.0734 1.5648 -1.3742 0.9477 1.0760 0.5079 0.0890
1.0734 1.5653 -1.3775 0.9480 1.0790 0.5101 0.0907
1.0734 1.5659 -1.3808 0.9483 1.0821 0.5123 0.0924
1.0734 1.5664 -1.3841 0.9486 1.0851 0.5145 0.0941
1.0734 1.5669 -1.3874 0.9489 1.0882 0.5166 0.0958
1.0734 1.5674 -1.3906 0.9492 1.0912 0.5188 0.0976
1.0734 1.5679 -1.3939 0.9495 1.0942 0.5210 0.0993
1.0734 1.5685 -1.3972 0.9498 1.0972 0.5232 0.1010
1.0734 1.5690 -1.4004 0.9501 1.1003 0.5254 0.1027
1.0735 1.5695 -1.4037 0.9504 1.1033 0.5275 0.1044
1.0735 1.5700 -1.4070 0.9507 1.1063 0.5297 0.1061
1.0735 1.5705 -1.4102 0.9510 1.1093 0.5319 0.1078
1.0735 1.5710 -1.4135 0.9513 1.1123 0.5341 0.1095
1.0735 1.5716 -1.4167 0.9516 1.1153 0.5362 0.1112
1.0735 1.5721 -1.4200 0.9519 1.1183 0.5384 0.1129
1.0735 1.5726 -1.4232 0.9523 1.1213 0.5405 0.1146
1.0735 1.5731 -1.4264 0.9526 1.1243 0.5427 0.1163
1.0735 1.5736 -1.4297 0.9528 1.1273 0.5449 0.1180
1.0735 1.5741 -1.4329 0.9531 1.1303 0.5470 0.1197
1.0735 1.5746 -1.4361 0.9534 1.1333 0.5492 0.1214
1.0735 1.5751 -1.4393 0.9537 1.1362 0.5513 0.1231
1.0735 1.5756 -1.4425 0.9540 1.1392 0.5535 0.1248
1.0735 1.5762 -1.4458 0.9543 1.1422 0.5556 0.1265
1.0735 1.5767 -1.4490 0.9546 1.1452 0.5577 0.1282
1.0735 1.5772 -1.4522 0.9549 1.1481 0.5599 0.1298
1.0735 1.5777 -1.4554 0.9552 1.1511 0.5620 0.1315
1.0735 1.5782 -1.4586 0.9555 1.1540 0.5641 0.1332
1.0735 1.5787 -1.4618 0.9558 1.1570 0.5663 0.1349
1.0735 1.5792 -1.4649 0.9561 1.1599 0.5684 0.1365
1.0735 1.5797 -1.4681 0.9564 1.1629 0.5705 0.1382
1.0736 1.5802 -1.4713 0.9567 1.1658 0.5726 0.1399
1.0736 1.5807 -1.4745 0.9570 1.1688 0.5748 0.1415
1.0736 1.5812 -1.4777 0.9573 1.1717 0.5769 0.1432
1.0736 1.5817 -1.4808 0.9576 1.1746 0.5790 0.1449
1.0736 1.5822 -1.4840 0.9579 1.1776 0.5811 0.1465
1.0736 1.5827 -1.4871 0.9582 1.1805 0.5832 0.1482
1.0736 1.5832 -1.4903 0.9585 1.1834 0.5853 0.1498
1.0736 1.5837 -1.4934 0.9588 1.1863 0.5874 0.1515
1.0736 1.5842 -1.4966 0.9591 1.1892 0.5895 0.1531
1.0736 1.5847 -1.4997 0.9593 1.1921 0.5916 0.1548
1.0736 1.5852 -1.5029 0.9596 1.1950 0.5937 0.1564
1.0736 1.5857 -1.5060 0.9599 1.1979 0.5958 0.1581
1.0736 1.5862 -1.5091 0.9602 1.2008 0.5979 0.1597
1.0736 1.5867 -1.5122 0.9605 1.2037 0.5999 0.1613
1.0736 1.5872 -1.5154 0.9608 1.2066 0.6020 0.1630
1.0736 1.5877 -1.5185 0.9611 1.2095 0.6041 0.1646
1.0736 1.5882 -1.5216 0.9614 1.2123 0.6062 0.1662
1.0736 1.5887 -1.5247 0.9617 1.2152 0.6082 0.1679
1.0736 1.5891 -1.5278 0.9619 1.2181 0.6103 0.1695
1.0736 1.5896 -1.5309 0.9622 1.2209 0.6124 0.1711
1.0736 1.5901 -1.5340 0.9625 1.2238 0.6144 0.1727
1.0737 1.5906 -1.5371 0.9628 1.2267 0.6165 0.1743
1.0737 1.5911 -1.5401 0.9631 1.2295 0.6185 0.1760
1.0737 1.5916 -1.5432 0.9634 1.2324 0.6206 0.1776
1.0737 1.5921 -1.5463 0.9637 1.2352 0.6226 0.1792
1.0737 1.5926 -1.5493 0.9639 1.2380 0.6247 0.1808
1.0737 1.5930 -1.5524 0.9642 1.2409 0.6267 0.1824
1.0737 1.5935 -1.5555 0.9645 1.2437 0.6288 0.1840
1.0737 1.5940 -1.5585 0.9648 1.2465 0.6308 0.1856
1.0737 1.5945 -1.5616 0.9651 1.2493 0.6328 0.1872
1.0737 1.5950 -1.5646 0.9654 1.2521 0.6349 0.1888
1.0737 1.5955 -1.5676 0.9656 1.2550 0.6369 0.1904
1.0737 1.5959 -1.5707 0.9659 1.2578 0.6389 0.1920
1.0737 1.5964 -1.5737 0.9662 1.2606 0.6409 0.1935
1.0737 1.5969 -1.5767 0.9665 1.2633 0.6429 0.1951
1.0737 1.5974 -1.5797 0.9668 1.2661 0.6450 0.1967
1.0737 1.5978 -1.5827 0.9670 1.2689 0.6470 0.1983
1.0737 1.5983 -1.5857 0.9673 1.2717 0.6490 0.1999
1.0737 1.5988 -1.5887 0.9676 1.2745 0.6510 0.2014
1.0737 1.5993 -1.5917 0.9679 1.2772 0.6530 0.2030
1.0737 1.5997 -1.5947 0.9682 1.2800 0.6550 0.2046
1.0737 1.6002 -1.5977 0.9684 1.2828 0.6569 0.2061
1.0738 1.6007 -1.6007 0.9687 1.2855 0.6589 0.2077
1.0738 1.6012 -1.6037 0.9690 1.2883 0.6609 0.2093
1.0738 1.6016 -1.6066 0.9693 1.2910 0.6629 0.2108
1.0738 1.6021 -1.6096 0.9695 1.2938 0.6649 0.2124
1.0738 1.6026 -1.6125 0.9698 1.2965 0.6668 0.2139
1.0738 1.6030 -1.6155 0.9701 1.2992 0.6688 0.2155
1.0738 1.6035 -1.6184 0.9704 1.3020 0.6708 0.2170
1.0738 1.6040 -1.6214 0.9706 1.3047 0.6727 0.2185
1.0738 1.6044 -1.6243 0.9709 1.3074 0.6747 0.2201
1.0738 1.6049 -1.6272 0.9712 1.3101 0.6766 0.2216
1.0738 1.6054 -1.6302 0.9714 1.3128 0.6786 0.2232
1.0738 1.6058 -1.6331 0.9717 1.3155 0.6805 0.2247
1.0738 1.6063 -1.6360 0.9720 1.3182 0.6825 0.2262
1.0738 1.6067 -1.6389 0.9723 1.3209 0.6844 0.2277
1.0738 1.6072 -1.6418 0.9725 1.3236 0.6863 0.2293
1.0738 1.6077 -1.6447 0.9728 1.3262 0.6883 0.2308
1.0738 1.6081 -1.6476 0.9731 1.3289 0.6902 0.2323
1.0738 1.6086 -1.6505 0.9733 1.3316 0.6921 0.2338
1.0738 1.6090 -1.6533 0.9736 1.3342 0.6940 0.2353
1.0738 1.6095 -1.6562 0.9739 1.3369 0.6960 0.2368
1.0738 1.6099 -1.6591 0.9741 1.3395 0.6979 0.2383
1.0738 1.6104 -1.6619 0.9744 1.3422 0.6998 0.2398
1.0738 1.6108 -1.6648 0.9747 1.3448 0.7017 0.2413
1.0739 1.6113 -1.6676 0.9749 1.3475 0.7036 0.2428
1.0739 1.6117 -1.6705 0.9752 1.3501 0.7055 0.2443
1.0739 1.6122 -1.6733 0.9754 1.3527 0.7074 0.2458
1.0739 1.6126 -1.6761 0.9757 1.3553 0.7092 0.2473
1.0739 1.6131 -1.6789 0.9760 1.3579 0.7111 0.2487
1.0739 1.6135 -1.6818 0.9762 1.3605 0.7130 0.2502
1.0739 1.6140 -1.6846 0.9765 1.3631 0.7149 0.2517
1.0739 1.6144 -1.6874 0.9767 1.3657 0.7168 0.2532
1.0739 1.6149 -1.6902 0.9770 1.3683 0.7186 0.2546
1.0739 1.6153 -1.6930 0.9773 1.3709 0.7205 0.2561
1.0739 1.6157 -1.6958 0.9775 1.3735 0.7223 0.2575
1.0739 1.6162 -1.6985 0.9778 1.3761 0.7242 0.2590
1.0739 1.6166 -1.7013 0.9780 1.3786 0.7260 0.2605
1.0739 1.6171 -1.7041 0.9783 1.3812 0.7279 0.2619
1.0739 1.6175 -1.7068 0.9785 1.3837 0.7297 0.2634
1.0739 1.6179 -1.7096 0.9788 1.3863 0.7316 0.2648
1.0739 1.6184 -1.7123 0.9791 1.3888 0.7334 0.2662
1.0739 1.6188 -1.7151 0.9793 1.3914 0.7352 0.2677
1.0739 1.6192 -1.7178 0.9796 1.3939 0.7370 0.2691
1.0739 1.6197 -1.7205 0.9798 1.3964 0.7389 0.2705
1.0739 1.6201 -1.7233 0.9801 1.3989 0.7407 0.2720
1.0739 1.6205 -1.7260 0.9803 1.4014 0.7425 0.2734
1.0739 1.6210 -1.7287 0.9806 1.4039 0.7443 0.2748
1.0740 1.6214 -1.7314 0.9808 1.4064 0.7461 0.2762
1.0740 1.6218 -1.7341 0.9811 1.4089 0.7479 0.2776
1.0740 1.6222 -1.7368 0.9813 1.4114 0.7497 0.2790
1.0740 1.6227 -1.7394 0.9816 1.4139 0.7515 0.2804
1.0740 1.6231 -1.7421 0.9818 1.4164 0.7533 0.2818
1.0740 1.6235 -1.7448 0.9821 1.4188 0.7550 0.2832
1.0740 1.6239 -1.7474 0.9823 1.4213 0.7568 0.2846
1.0740 1.6244 -1.7501 0.9826 1.4238 0.7586 0.2860
1.0740 1.6248 -1.7527 0.9828 1.4262 0.7603 0.2874
1.0740 1.6252 -1.7554 0.9831 1.4286 0.7621 0.2888
1.0740 1.6256 -1.7580 0.9833 1.4311 0.7639 0.2902
1.0740 1.6260 -1.7606 0.9835 1.4335 0.7656 0.2916
1.0740 1.6264 -1.7633 0.9838 1.4359 0.7674 0.2929
1.0740 1.6268 -1.7659 0.9840 1.4384 0.7691 0.2943
1.0740 1.6273 -1.7685 0.9843 1.4408 0.7708 0.2957
1.0740 1.6277 -1.7711 0.9845 1.4432 0.7726 0.2970
1.0740 1.6281 -1.7737 0.9847 1.4456 0.7743 0.2984
1.0740 1.6285 -1.7762 0.9850 1.4479 0.7760 0.2997
1.0740 1.6289 -1.7788 0.9852 1.4503 0.7777 0.3011
1.0740 1.6293 -1.7814 0.9855 1.4527 0.7795 0.3024
1.0740 1.6297 -1.7839 0.9857 1.4551 0.7812 0.3038
1.0740 1.6301 -1.7865 0.9859 1.4574 0.7829 0.3051
1.0740 1.6305 -1.7890 0.9862 1.4598 0.7846 0.3065
1.0740 1.6309 -1.7916 0.9864 1.4621 0.7863 0.3078
1.0740 1.6313 -1.7941 0.9866 1.4645 0.7879 0.3091
1.0740 1.6317 -1.7966 0.9869 1.4668 0.7896 0.3104
1.0741 1.6321 -1.7992 0.9871 1.4692 0.7913 0.3118
1.0741 1.6325 -1.8017 0.9873 1.4715 0.7930 0.3131
1.0741 1.6329 -1.8042 0.9876 1.4738 0.7947 0.3144
1.0741 1.6333 -1.8067 0.9878 1.4761 0.7963 0.3157
1.0741 1.6337 -1.8092 0.9880 1.4784 0.7980 0.3170
1.0741 1.6341 -1.8116 0.9883 1.4807 0.7996 0.3183
1.0741 1.6345 -1.8141 0.9885 1.4830 0.8013 0.3196
1.0741 1.6349 -1.8166 0.9887 1.4853 0.8029 0.3209
1.0741 1.6353 -1.8190 0.9890 1.4875 0.8046 0.3222
1.0741 1.6357 -1.8215 0.9892 1.4898 0.8062 0.3235
1.0741 1.6360 -1.8239 0.9894 1.4921 0.8078 0.3247
1.0741 1.6364 -1.8264 0.9896 1.4943 0.8094 0.3260
1.0741 1.6368 -1.8288 0.9899 1.4966 0.8111 0.3273
1.0741 1.6372 -1.8312 0.9901 1.4988 0.8127 0.3286
1.0741 1.6376 -1.8336 0.9903 1.5010 0.8143 0.3298
1.0741 1.6380 -1.8360 0.9905 1.5033 0.8159 0.3311
1.0741 1.6383 -1.8384 0.9908 1.5055 0.8175 0.3323
1.0741 1.6387 -1.8408 0.9910 1.5077 0.8191 0.3336
1.0741 1.6391 -1.8432 0.9912 1.5099 0.8207 0.3348
1.0741 1.6395 -1.8456 0.9914 1.5121 0.8223 0.3361
1.0741 1.6398 -1.8479 0.9916 1.5143 0.8238 0.3373
1.0741 1.6402 -1.8503 0.9918 1.5164 0.8254 0.3386
1.0741 1.6406 -1.8526 0.9921 1.5186 0.8270 0.3398
1.0741 1.6410 -1.8550 0.9923 1.5208 0.8285 0.3410
1.0741 1.6413 -1.8573 0.9925 1.5229 0.8301 0.3422
1.0741 1.6417 -1.8596 0.9927 1.5251 0.8316 0.3435
1.0741 1.6421 -1.8619 0.9929 1.5272 0.8332 0.3447
1.0742 1.6424 -1.8642 0.9931 1.5294 0.8347 0.3459
1.0742 1.6428 -1.8665 0.9934 1.5315 0.8363 0.3471
1.0742 1.6432 -1.8688 0.9936 1.5336 0.8378 0.3483
1.0742 1.6435 -1.8711 0.9938 1.5357 0.8393 0.3495
1.0742 1.6439 -1.8734 0.9940 1.5378 0.8408 0.3507
1.0742 1.6442 -1.8757 0.9942 1.5399 0.8423 0.3519
1.0742 1.6446 -1.8779 0.9944 1.5420 0.8438 0.3531
1.0742 1.6450 -1.8802 0.9946 1.5441 0.8453 0.3542
1.0742 1.6453 -1.8824 0.9948 1.5462 0.8468 0.3554
1.0742 1.6457 -1.8846 0.9950 1.5482 0.8483 0.3566
1.0742 1.6460 -1.8869 0.9952 1.5503 0.8498 0.3577
1.0742 1.6464 -1.8891 0.9954 1.5524 0.8513 0.3589
1.0742 1.6467 -1.8913 0.9957 1.5544 0.8528 0.3601
1.0742 1.6471 -1.8935 0.9959 1.5564 0.8542 0.3612
1.0742 1.6474 -1.8957 0.9961 1.5585 0.8557 0.3624
1.0742 1.6478 -1.8979 0.9963 1.5605 0.8571 0.3635
1.0742 1.6481 -1.9000 0.9965 1.5625 0.8586 0.3647
1.0742 1.6484 -1.9022 0.9967 1.5645 0.8600 0.3658
1.0742 1.6488 -1.9044 0.9969 1.5665 0.8615 0.3669
1.0742 1.6491 -1.9065 0.9971 1.5685 0.8629 0.3680
1.0742 1.6495 -1.9086 0.9973 1.5705 0.8643 0.3692
1.0742 1.6498 -1.9108 0.9975 1.5724 0.8658 0.3703
1.0742 1.6501 -1.9129 0.9977 1.5744 0.8672 0.3714
1.0742 1.6505 -1.9150 0.9979 1.5763 0.8686 0.3725
1.0742 1.6508 -1.9171 0.9980 1.5783 0.8700 0.3736
1.0742 1.6511 -1.9192 0.9982 1.5802 0.8714 0.3747
1.0742 1.6515 -1.9213 0.9984 1.5822 0.8728 0.3758
1.0742 1.6518 -1.9234 0.9986 1.5841 0.8742 0.3769
1.0742 1.6521 -1.9254 0.9988 1.5860 0.8755 0.3780
1.0742 1.6524 -1.9275 0.9990 1.5879 0.8769 0.3791
1.0743 1.6528 -1.9296 0.9992 1.5898 0.8783 0.3801
1.0743 1.6531 -1.9316 0.9994 1.5917 0.8796 0.3812
1.0743 1.6534 -1.9336 0.9996 1.5936 0.8810 0.3823
1.0743 1.6537 -1.9357 0.9998 1.5954 0.8823 0.3833
1.0743 1.6541 -1.9377 1.0000 1.5973 0.8837 0.3844
1.0743 1.6544 -1.9397 1.0001 1.5992 0.8850 0.3854
1.0743 1.6547 -1.9417 1.0003 1.6010 0.8864 0.3865
1.0743 1.6550 -1.9437 1.0005 1.6028 0.8877 0.3875
1.0743 1.6553 -1.9456 1.0007 1.6047 0.8890 0.3886
1.0743 1.6556 -1.9476 1.0009 1.6065 0.8903 0.3896
1.0743 1.6559 -1.9496 1.0011 1.6083 0.8916 0.3906
1.0743 1.6562 -1.9515 1.0012 1.6101 0.8929 0.3916
1.0743 1.6566 -1.9535 1.0014 1.6119 0.8942 0.3927
1.0743 1.6569 -1.9554 1.0016 1.6137 0.8955 0.3937
1.0743 1.6572 -1.9573 1.0018 1.6155 0.8968 0.3947
1.0743 1.6575 -1.9592 1.0020 1.6172 0.8981 0.3957
1.0743 1.6578 -1.9611 1.0021 1.6190 0.8993 0.3967
1.0743 1.6581 -1.9630 1.0023 1.6208 0.9006 0.3977
1.0743 1.6584 -1.9649 1.0025 1.6225 0.9019 0.3987
1.0743 1.6587 -1.9668 1.0027 1.6242 0.9031 0.3996
1.0743 1.6590 -1.9686 1.0028 1.6260 0.9043 0.4006
1.0743 1.6593 -1.9705 1.0030 1.6277 0.9056 0.4016
1.0743 1.6595 -1.9723 1.0032 1.6294 0.9068 0.4026
1.0743 1.6598 -1.9742 1.0033 1.6311 0.9080 0.4035
1.0743 1.6601 -1.9760 1.0035 1.6328 0.9093 0.4045
1.0743 1.6604 -1.9778 1.0037 1.6345 0.9105 0.4054
1.0743 1.6607 -1.9796 1.0038 1.6361 0.9117 0.4064
1.0743 1.6610 -1.9814 1.0040 1.6378 0.9129 0.4073
1.0743 1.6613 -1.9832 1.0042 1.6394 0.9141 0.4083
1.0743 1.6616 -1.9850 1.0043 1.6411 0.9153 0.4092
1.0743 1.6618 -1.9868 1.0045 1.6427 0.9164 0.4101
1.0743 1.6621 -1.9885 1.0047 1.6443 0.9176 0.4110
1.0743 1.6624 -1.9903 1.0048 1.6460 0.9188 0.4120
1.0743 1.6627 -1.9920 1.0050 1.6476 0.9199 0.4129
1.0743 1.6629 -1.9937 1.0052 1.6492 0.9211 0.4138
1.0744 1.6632 -1.9955 1.0053 1.6508 0.9222 0.4147
1.0744 1.6635 -1.9972 1.0055 1.6523 0.9234 0.4156
1.0744 1.6637 -1.9989 1.0056 1.6539 0.9245 0.4165
1.0744 1.6640 -2.0005 1.0058 1.6555 0.9256 0.4173
1.0744 1.6643 -2.0022 1.0059 1.6570 0.9267 0.4182
1.0744 1.6645 -2.0039 1.0061 1.6586 0.9279 0.4191
1.0744 1.6648 -2.0056 1.0062 1.6601 0.9290 0.4200
1.0744 1.6651 -2.0072 1.0064 1.6616 0.9301 0.4208
1.0744 1.6653 -2.0088 1.0066 1.6632 0.9312 0.4217
1.0744 1.6656 -2.0105 1.0067 1.6647 0.9322 0.4226
1.0744 1.6658 -2.0121 1.0069 1.6662 0.9333 0.4234
1.0744 1.6661 -2.0137 1.0070 1.6676 0.9344 0.4242
1.0744 1.6663 -2.0153 1.0072 1.6691 0.9355 0.4251
1.0744 1.6666 -2.0169 1.0073 1.6706 0.9365 0.4259
1.0744 1.6668 -2.0185 1.0074 1.6720 0.9376 0.4267
1.0744 1.6671 -2.0200 1.0076 1.6735 0.9386 0.4276
1.0744 1.6673 -2.0216 1.0077 1.6749 0.9397 0.4284
1.0744 1.6676 -2.0231 1.0079 1.6764 0.9407 0.4292
1.0744 1.6678 -2.0247 1.0080 1.6778 0.9417 0.4300
1.0744 1.6681 -2.0262 1.0082 1.6792 0.9427 0.4308
1.0744 1.6683 -2.0277 1.0083 1.6806 0.9437 0.4316
1.0744 1.6686 -2.0292 1.0084 1.6820 0.9447 0.4324
1.0744 1.6688 -2.0307 1.0086 1.6834 0.9457 0.4332
1.0744 1.6690 -2.0322 1.0087 1.6847 0.9467 0.4339
1.0744 1.6693 -2.0336 1.0089 1.6861 0.9477 0.4347
1.0744 1.6695 -2.0351 1.0090 1.6875 0.9487 0.4355
1.0744 1.6697 -2.0366 1.0091 1.6888 0.9496 0.4362
1.0744 1.6699 -2.0380 1.0093 1.6901 0.9506 0.4370
1.0744 1.6702 -2.0394 1.0094 1.6914 0.9516 0.4377
1.0744 1.6704 -2.0408 1.0095 1.6928 0.9525 0.4385
1.0744 1.6706 -2.0422 1.0096 1.6941 0.9534 0.4392
1.0744 1.6708 -2.0436 1.0098 1.6954 0.9544 0.4399
1.0744 1.6711 -2.0450 1.0099 1.6966 0.9553 0.4407
1.0744 1.6713 -2.0464 1.0100 1.6979 0.9562 0.4414
1.0744 1.6715 -2.0478 1.0102 1.6992 0.9571 0.4421
1.0744 1.6717 -2.0491 1.0103 1.7004 0.9580 0.4428
1.0744 1.6719 -2.0505 1.0104 1.7017 0.9589 0.4435
1.0744 1.6721 -2.0518 1.0105 1.7029 0.9598 0.4442
1.0744 1.6723 -2.0531 1.0107 1.7041 0.9607 0.4449
1.0744 1.6725 -2.0544 1.0108 1.7053 0.9616 0.4456
1.0744 1.6728 -2.0557 1.0109 1.7065 0.9624 0.4463
1.0744 1.6730 -2.0570 1.0110 1.7077 0.9633 0.4469
1.0744 1.6732 -2.0583 1.0111 1.7089 0.9641 0.4476
1.0744 1.6734 -2.0595 1.0113 1.7101 0.9650 0.4483
1.0745 1.6736 -2.0608 1.0114 1.7112 0.9658 0.4489
1.0745 1.6738 -2.0620 1.0115 1.7124 0.9666 0.4496
1.0745 1.6739 -2.0633 1.0116 1.7135 0.9675 0.4502
1.0745 1.6741 -2.0645 1.0117 1.7146 0.9683 0.4509
1.0745 1.6743 -2.0657 1.0118 1.7158 0.9691 0.4515
1.0745 1.6745 -2.0669 1.0119 1.7169 0.9699 0.4521
1.0745 1.6747 -2.0681 1.0120 1.7180 0.9707 0.4528
1.0745 1.6749 -2.0693 1.0122 1.7190 0.9715 0.4534
1.0745 1.6751 -2.0704 1.0123 1.7201 0.9722 0.4540
1.0745 1.6753 -2.0716 1.0124 1.7212 0.9730 0.4546
1.0745 1.6754 -2.0727 1.0125 1.7222 0.9738 0.4552
1.0745 1.6756 -2.0738 1.0126 1.7233 0.9745 0.4558
1.0745 1.6758 -2.0750 1.0127 1.7243 0.9753 0.4564
1.0745 1.6760 -2.0761 1.0128 1.7253 0.9760 0.4569
1.0745 1.6761 -2.0771 1.0129 1.7263 0.9767 0.4575
1.0745 1.6763 -2.0782 1.0130 1.7274 0.9774 0.4581
1.0745 1.6765 -2.0793 1.0131 1.7283 0.9782 0.4586
1.0745 1.6767 -2.0804 1.0132 1.7293 0.9789 0.4592
1.0745 1.6768 -2.0814 1.0133 1.7303 0.9796 0.4597
1.0745 1.6770 -2.0824 1.0134 1.7312 0.9802 0.4603
1.0745 1.6771 -2.0835 1.0135 1.7322 0.9809 0.4608
1.0745 1.6773 -2.0845 1.0136 1.7331 0.9816 0.4614
1.0745 1.6775 -2.0855 1.0137 1.7341 0.9823 0.4619
1.0745 1.6776 -2.0865 1.0137 1.7350 0.9829 0.4624
1.0745 1.6778 -2.0874 1.0138 1.7359 0.9836 0.4629
1.0745 1.6779 -2.0884 1.0139 1.7368 0.9842 0.4634
1.0745 1.6781 -2.0894 1.0140 1.7376 0.9849 0.4639
1.0745 1.6782 -2.0903 1.0141 1.7385 0.9855 0.4644
1.0745 1.6784 -2.0912 1.0142 1.7394 0.9861 0.4649
1.0745 1.6785 -2.0921 1.0143 1.7402 0.9867 0.4654
1.0745 1.6787 -2.0930 1.0144 1.7411 0.9873 0.4658
1.0745 1.6788 -2.0939 1.0144 1.7419 0.9879 0.4663
1.0745 1.6789 -2.0948 1.0145 1.7427 0.9885 0.4668
1.0745 1.6791 -2.0957 1.0146 1.7435 0.9891 0.4672
1.0745 1.6792 -2.0965 1.0147 1.7443 0.9897 0.4677
1.0745 1.6793 -2.0974 1.0148 1.7451 0.9902 0.4681
1.0745 1.6795 -2.0982 1.0148 1.7458 0.9908 0.4686
1.0745 1.6796 -2.0990 1.0149 1.7466 0.9913 0.4690
1.0745 1.6797 -2.0998 1.0150 1.7473 0.9919 0.4694
1.0745 1.6799 -2.1006 1.0151 1.7481 0.9924 0.4698
1.0745 1.6800 -2.1014 1.0151 1.7488 0.9929 0.4702
1.0745 1.6801 -2.1022 1.0152 1.7495 0.9934 0.4706
1.0745 1.6802 -2.1030 1.0153 1.7502 0.9939 0.4710
1.0745 1.6803 -2.1037 1.0153 1.7509 0.9944 0.4714
1.0745 1.6805 -2.1044 1.0154 1.7516 0.9949 0.4718
1.0745 1.6806 -2.1051 1.0155 1.7523 0.9954 0.4722
1.0745 1.6807 -2.1059 1.0155 1.7529 0.9959 0.4726
1.0745 1.6808 -2.1066 1.0156 1.7536 0.9963 0.4729
1.0745 1.6809 -2.1072 1.0157 1.7542 0.9968 0.4733
1.0745 1.6810 -2.1079 1.0157 1.7548 0.9972 0.4736
1.0745 1.6811 -2.1086 1.0158 1.7554 0.9977 0.4740
1.0745 1.6812 -2.1092 1.0159 1.7560 0.9981 0.4743
1.0745 1.6813 -2.1098 1.0159 1.7566 0.9985 0.4747
1.0745 1.6814 -2.1105 1.0160 1.7572 0.9989 0.4750
1.0745 1.6815 -2.1111 1.0160 1.7577 0.9993 0.4753
1.0745 1.6816 -2.1117 1.0161 1.7583 0.9997 0.4756
1.0745 1.6817 -2.1122 1.0161 1.7588 1.0001 0.4759
1.0745 1.6818 -2.1128 1.0162 1.7593 1.0005 0.4762
1.0745 1.6819 -2.1134 1.0162 1.7599 1.0009 0.4765
1.0745 1.6820 -2.1139 1.0163 1.7604 1.0012 0.4768
1.0745 1.6821 -2.1144 1.0163 1.7609 1.0016 0.4771
1.0745 1.6821 -2.1150 1.0164 1.7613 1.0019 0.4773
1.0745 1.6822 -2.1155 1.0164 1.7618 1.0023 0.4776
1.0745 1.6823 -2.1160 1.0165 1.7623 1.0026 0.4779
1.0745 1.6824 -2.1164 1.0165 1.7627 1.0029 0.4781
1.0745 1.6824 -2.1169 1.0166 1.7631 1.0032 0.4784
1.0745 1.6825 -2.1174 1.0166 1.7635 1.0035 0.4786
1.0745 1.6826 -2.1178 1.0167 1.7640 1.0038 0.4788
1.0745 1.6826 -2.1182 1.0167 1.7644 1.0041 0.4790
1.0745 1.6827 -2.1186 1.0167 1.7647 1.0044 0.4793
1.0745 1.6828 -2.1190 1.0168 1.7651 1.0047 0.4795
1.0745 1.6828 -2.1194 1.0168 1.7655 1.0049 0.4797
1.0745 1.6829 -2.1198 1.0168 1.7658 1.0052 0.4799
1.0745 1.6830 -2.1202 1.0169 1.7661 1.0054 0.4801
1.0745 1.6830 -2.1205 1.0169 1.7665 1.0056 0.4802
1.0745 1.6831 -2.1208 1.0169 1.7668 1.0059 0.4804
1.0745 1.6831 -2.1212 1.0170 1.7671 1.0061 0.4806
1.0745 1.6832 -2.1215 1.0170 1.7674 1.0063 0.4807
1.0745 1.6832 -2.1218 1.0170 1.7676 1.0065 0.4809
1.0745 1.6833 -2.1220 1.0170 1.7679 1.0067 0.4810
1.0745 1.6833 -2.1223 1.0171 1.7681 1.0068 0.4812
1.0745 1.6833 -2.1226 1.0171 1.7684 1.0070 0.4813
1.0745 1.6834 -2.1228 1.0171 1.7686 1.0072 0.4814
1.0745 1.6834 -2.1230 1.0171 1.7688 1.0073 0.4816
1.0745 1.6834 -2.1232 1.0172 1.7690 1.0075 0.4817
1.0745 1.6835 -2.1234 1.0172 1.7692 1.0076 0.4818
1.0745 1.6835 -2.1236 1.0172 1.7694 1.0077 0.4819
1.0745 1.6835 -2.1238 1.0172 1.7695 1.0078 0.4820
1.0745 1.6836 -2.1240 1.0172 1.7697 1.0079 0.4821
1.0745 1.6836 -2.1241 1.0172 1.7698 1.0080 0.4821
1.0745 1.6836 -2.1242 1.0173 1.7699 1.0081 0.4822
1.0745 1.6836 -2.1244 1.0173 1.7700 1.0082 0.4823
1.0745 1.6836 -2.1245 1.0173 1.7701 1.0083 0.4823
1.0745 1.6837 -2.1246 1.0173 1.7702 1.0083 0.4824
1.0745 1.6837 -2.1246 1.0173 1.7703 1.0084 0.4824
1.0745 1.6837 -2.1247 1.0173 1.7703 1.0084 0.4824
1.0745 1.6837 -2.1247 1.0173 1.7704 1.0085 0.4825
1.0745 1.6837 -2.1248 1.0173 1.7704 1.0085 0.4825
1.0745 1.6837 -2.1248 1.0173 1.7704 1.0085 0.4825
1.0745 1.6837 -2.1248 1.0173 1.7704 1.0085 0.4825
